0000   ff ff ff ff ff ff 64 6c 80 35 0e 0f 08 00 45 c0
0010   01 3e 00 00 40 00 40 11 38 f0 00 00 00 00 ff ff
0020   ff ff 00 44 00 43 01 2a 08 ab 01 01 06 00 19 6c
0030   ae a5 00 01 00 00 00 00 00 00 00 00 00 00 00 00
0040   00 00 00 00 00 00 64 6c 80 35 0e 0f 00 00 00 00
0050   00 00 00 00 00 00 00 00 00 00 00 00 00 00 00 00
0060   00 00 00 00 00 00 00 00 00 00 00 00 00 00 00 00
0070   00 00 00 00 00 00 00 00 00 00 00 00 00 00 00 00
0080   00 00 00 00 00 00 00 00 00 00 00 00 00 00 00 00
0090   00 00 00 00 00 00 00 00 00 00 00 00 00 00 00 00
00a0   00 00 00 00 00 00 00 00 00 00 00 00 00 00 00 00
00b0   00 00 00 00 00 00 00 00 00 00 00 00 00 00 00 00
00c0   00 00 00 00 00 00 00 00 00 00 00 00 00 00 00 00
00d0   00 00 00 00 00 00 00 00 00 00 00 00 00 00 00 00
00e0   00 00 00 00 00 00 00 00 00 00 00 00 00 00 00 00
00f0   00 00 00 00 00 00 00 00 00 00 00 00 00 00 00 00
0100   00 00 00 00 00 00 00 00 00 00 00 00 00 00 00 00
0110   00 00 00 00 00 00 63 82 53 63 35 01 03 3d 07 01
0120   64 6c 80 35 0e 0f 37 11 01 02 06 0c 0f 1a 1c 79
0130   03 21 28 29 2a 77 f9 fc 11 39 02 02 40 32 04 c0
0140   a8 00 2f 0c 06 61 6d 61 79 61 73 ff
