0000   ff ff ff ff ff ff 72 91 ef f9 e4 83 08 00 45 10
0010   01 52 00 00 40 00 40 11 39 8c 00 00 00 00 ff ff
0020   ff ff 00 44 00 43 01 3e 90 42 01 01 06 00 8c 70
0030   6f b7 00 00 00 00 00 00 00 00 00 00 00 00 00 00
0040   00 00 00 00 00 00 72 91 ef f9 e4 83 00 00 00 00
0050   00 00 00 00 00 00 00 00 00 00 00 00 00 00 00 00
0060   00 00 00 00 00 00 00 00 00 00 00 00 00 00 00 00
0070   00 00 00 00 00 00 00 00 00 00 00 00 00 00 00 00
0080   00 00 00 00 00 00 00 00 00 00 00 00 00 00 00 00
0090   00 00 00 00 00 00 00 00 00 00 00 00 00 00 00 00
00a0   00 00 00 00 00 00 00 00 00 00 00 00 00 00 00 00
00b0   00 00 00 00 00 00 00 00 00 00 00 00 00 00 00 00
00c0   00 00 00 00 00 00 00 00 00 00 00 00 00 00 00 00
00d0   00 00 00 00 00 00 00 00 00 00 00 00 00 00 00 00
00e0   00 00 00 00 00 00 00 00 00 00 00 00 00 00 00 00
00f0   00 00 00 00 00 00 00 00 00 00 00 00 00 00 00 00
0100   00 00 00 00 00 00 00 00 00 00 00 00 00 00 00 00
0110   00 00 00 00 00 00 63 82 53 63 35 01 01 3d 07 01
0120   72 91 ef f9 e4 83 39 02 05 dc 3c 0f 61 6e 64 72
0130   6f 69 64 2d 64 68 63 70 2d 31 31 0c 13 72 65 61
0140   6c 6d 65 2d 58 33 2d 53 75 70 65 72 5a 6f 6f 6d
0150   37 0c 01 03 06 0f 1a 1c 33 3a 3b 2b 72 6c ff 00
