0000   64 6c 80 35 0e 0f 32 d9 56 45 1e 70 08 00 45 00
0010   00 7c 1a ea 40 00 40 11 5a b0 c0 a8 21 e4 c0 a8
0020   21 a2 00 35 da f4 00 68 b0 79 60 b7 81 80 00 01
0030   00 04 00 00 00 00 04 61 70 69 32 06 62 72 61 6e
0040   63 68 02 69 6f 00 00 01 00 01 c0 0c 00 01 00 01
0050   00 00 00 06 00 04 34 de ae 52 c0 0c 00 01 00 01
0060   00 00 00 06 00 04 34 de ae 19 c0 0c 00 01 00 01
0070   00 00 00 06 00 04 34 de ae 1c c0 0c 00 01 00 01
0080   00 00 00 06 00 04 34 de ae 7c

0000 f0 18 98 59 ae 32 50 64 2b 77 1e 81 08 00 45 00
0010 00 5b 00 00 40 00 40 11 7a ef c0 a8 1f 01 c0 a8
0020 1f 51 00 35 cc e2 00 47 d5 cc 37 e5 81 80 00 01
0030 00 02 00 00 00 00 03 77 77 77 04 75 70 6d 63 02
0040 56 72 00 00 01 00 01 c0 0c 00 05 00 01 00 00 00
0050 1e 00 06 03 77 65 62 c0 10 c0 29 00 01 00 01 00
0060 00 00 1e 00 04 86 9d fa 3b 37 56 2c ac a2 2e 4d
0070 13

0000   64 6c 80 35 0e 0f 5a 06 6e c6 7f c9 08 00 45 00
0010   00 4c ad f1 40 00 40 11 5a 0d c0 a8 d8 ae c0 a8
0020   d8 a2 00 35 c2 c1 00 38 63 72 37 34 81 80 00 01
0030   00 01 00 00 00 00 03 77 77 77 06 67 6f 6f 67 6c
0040   65 03 63 6f 6d 00 00 01 00 01 c0 0c 00 01 00 01
0050   00 00 01 03 00 04 d8 3a c6 c4
