0000   08 00 20 0a ac 96 08 00 20 0a 70 66 08 00 4f 00 
0010   00 7c cb c9 00 00 ff 11 b9 7f 84 e3 3d 05 c0 21 
0020   9f 11 07 27 28 84 e3 3c 20 c0 2c 41 12 c0 46 47 
0030   05 c0 21 9f 02 c0 21 9f 06 c0 46 47 06 c0 2c 41 
0040   1a 84 e3 3c 1e 84 e3 3d 87 00 43 00 44 01 46 db 39 02 01 06 00 0c de
0058   07 ad 00 00 00 00 00 00 00 00 c0 a8 d8 a2 c0 a8
0068   d8 ae 00 00 00 00 64 6c 80 35 0e 0f 00 00 00 00
0078   00 00 00 00 00 00 00 00 00 00 00 00 00 00 00 00
0088   00 00 00 00 00 00 00 00 00 00 00 00 00 00 00 00
0098   00 00 00 00 00 00 00 00 00 00 00 00 00 00 00 00
00a8   00 00 00 00 00 00 00 00 00 00 00 00 00 00 00 00
00b8   00 00 00 00 00 00 00 00 00 00 00 00 00 00 00 00
00c8   00 00 00 00 00 00 00 00 00 00 00 00 00 00 00 00
00d8   00 00 00 00 00 00 00 00 00 00 00 00 00 00 00 00
00e8   00 00 00 00 00 00 00 00 00 00 00 00 00 00 00 00
00f8   00 00 00 00 00 00 00 00 00 00 00 00 00 00 00 00
0108   00 00 00 00 00 00 00 00 00 00 00 00 00 00 00 00
0118   00 00 00 00 00 00 00 00 00 00 00 00 00 00 00 00
0128   00 00 00 00 00 00 00 00 00 00 00 00 00 00 00 00
0138   00 00 00 00 00 00 63 82 53 63 35 01 05 36 04 c0
0148   a8 d8 ae 33 04 00 00 0e 0f 3a 04 00 00 07 07 3b
0158   04 00 00 0c 4d 01 04 ff ff ff 00 1c 04 c0 a8 d8
0168   ff 03 04 c0 a8 d8 ae 06 04 c0 a8 d8 ae 0c 06 61
0178   6d 61 79 61 73 2b 0f 41 4e 44 52 4f 49 44 5f 4d
0188   45 54 45 52 45 44 ff 00