
0000 f0 18 98 59 ae 32 50 64 2b 77 1e 81 08 00 45 00
0010 00 5b 00 00 40 00 40 11 7a ef c0 a8 1f 01 c0 a8
0020 1f 51 00 35 cc e2 00 47 d5 cc 37 e5 81 80 00 01
0030 00 02 00 00 00 00 03 77 77 77 04 75 70 6d 63 02
0040 56 72 00 00 01 00 01 c0 0c 00 05 00 01 00 00 00
0050 1e 00 06 03 77 65 62 c0 10 c0 29 00 01 00 01 00
0060 00 00 1e 00 04 86 9d fa 3b 37 56 2c ac a2 2e 4d
0070 13

0000   64 6c 80 35 0e 0f 5a 06 6e c6 7f c9 08 DD 45 00
0010   00 4c ad f1 40 00 40 11 5a 0d c0 a8 d8 ae c0 a8
0020   d8 a2 00 35 c2 c1 00 38 63 72 37 34 81 80 00 01
0030   00 01 00 00 00 00 03 77 77 77 06 67 6f 6f 67 6c
0040   65 03 63 6f 6d 00 00 01 00 01 c0 0c 00 01 00 01
0050   00 00 01 03 00 04 d8 3a c6 c4


0000   64 6c 80 35 0e 0f 5a 06 6e c6 7f c9 08 00 45 00
0010   01 5a 16 60 40 00 40 11 f0 90 c0 a8 d8 ae c0 a8
0020   d8 a2 00 43 00 44 01 46 db 39 02 01 06 00 0c de
0030   07 ad 00 00 00 00 00 00 00 00 c0 a8 d8 a2 c0 a8
0040   d8 ae 00 00 00 00 64 6c 80 35 0e 0f 00 00 00 00
0050   00 00 00 00 00 00 00 00 00 00 00 00 00 00 00 00
0060   00 00 00 00 00 00 00 00 00 00 00 00 00 00 00 00
0070   00 00 00 00 00 00 00 00 00 00 00 00 00 00 00 00
0080   00 00 00 00 00 00 00 00 00 00 00 00 00 00 00 00
0090   00 00 00 00 00 00 00 00 00 00 00 00 00 00 00 00
00a0   00 00 00 00 00 00 00 00 00 00 00 00 00 00 00 00
00b0   00 00 00 00 00 00 00 00 00 00 00 00 00 00 00 00
00c0   00 00 00 00 00 00 00 00 00 00 00 00 00 00 00 00
00d0   00 00 00 00 00 00 00 00 00 00 00 00 00 00 00 00
00e0   00 00 00 00 00 00 00 00 00 00 00 00 00 00 00 00
00f0   00 00 00 00 00 00 00 00 00 00 00 00 00 00 00 00
0100   00 00 00 00 00 00 00 00 00 00 00 00 00 00 00 00
0110   00 00 00 00 00 00 63 82 53 63 35 01 05 36 04 c0
0120   a8 d8 ae 33 04 00 00 0e 0f 3a 04 00 00 07 07 3b
0130   04 00 00 0c 4d 01 04 ff ff ff 00 1c 04 c0 a8 d8
0140   ff 03 04 c0 a8 d8 ae 06 04 c0 a8 d8 ae 0c 06 61
0150   6d 61 79 61 73 2b 0f 41 4e 44 52 4f 49 44 5f 4d
0160   45 54 45 52 45 44 ff 00

0000   ff ff ff ff ff ff 64 6c 80 35 0e 0f 08 00 45 c0
0010   01 3e 00 00 40 00 40 11 38 f0 00 00 00 00 ff ff
0020   ff ff 00 44 00 43 01 2a 08 ab 01 01 06 00 19 6c
0030   ae a5 00 01 00 00 00 00 00 00 00 00 00 00 00 00
0040   00 00 00 00 00 00 64 6c 80 35 0e 0f 00 00 00 00
0050   00 00 00 00 00 00 00 00 00 00 00 00 00 00 00 00
0060   00 00 00 00 00 00 00 00 00 00 00 00 00 00 00 00
0070   00 00 00 00 00 00 00 00 00 00 00 00 00 00 00 00
0080   00 00 00 00 00 00 00 00 00 00 00 00 00 00 00 00
0090   00 00 00 00 00 00 00 00 00 00 00 00 00 00 00 00
00a0   00 00 00 00 00 00 00 00 00 00 00 00 00 00 00 00
00b0   00 00 00 00 00 00 00 00 00 00 00 00 00 00 00 00
00c0   00 00 00 00 00 00 00 00 00 00 00 00 00 00 00 00
00d0   00 00 00 00 00 00 00 00 00 00 00 00 00 00 00 00
00e0   00 00 00 00 00 00 00 00 00 00 00 00 00 00 00 00
00f0   00 00 00 00 00 00 00 00 00 00 00 00 00 00 00 00
0100   00 00 00 00 00 00 00 00 00 00 00 00 00 00 00 00
0110   00 00 00 00 00 00 63 82 53 63 35 01 03 3d 07 01
0120   64 6c 80 35 0e 0f 37 11 01 02 06 0c 0f 1a 1c 79
0130   03 21 28 29 2a 77 f9 fc 11 39 02 02 40 32 04 c0
0140   a8 00 2f 0c 06 61 6d 61 79 61 73 ff






0000   08 00 20 0a ac 96 08 00 20 0a 70 66 08 00 4f 00 
0010   00 7c cb c9 00 00 ff 11 b9 7f 84 e3 3d 05 c0 21 
0020   9f 11 07 27 28 84 e3 3c 20 c0 2c 41 12 c0 46 47 
0030   05 c0 21 9f 02 c0 21 9f 06 c0 46 47 06 c0 2c 41 
0040   1a 84 e3 3c 1e 84 e3 3d 87 00 43 00 44 01 46 db 39 02 01 06 00 0c de
0058   07 ad 00 00 00 00 00 00 00 00 c0 a8 d8 a2 c0 a8
0068   d8 ae 00 00 00 00 64 6c 80 35 0e 0f 00 00 00 00
0078   00 00 00 00 00 00 00 00 00 00 00 00 00 00 00 00
0088   00 00 00 00 00 00 00 00 00 00 00 00 00 00 00 00
0098   00 00 00 00 00 00 00 00 00 00 00 00 00 00 00 00
00a8   00 00 00 00 00 00 00 00 00 00 00 00 00 00 00 00
00b8   00 00 00 00 00 00 00 00 00 00 00 00 00 00 00 00
00c8   00 00 00 00 00 00 00 00 00 00 00 00 00 00 00 00
00d8   00 00 00 00 00 00 00 00 00 00 00 00 00 00 00 00
00e8   00 00 00 00 00 00 00 00 00 00 00 00 00 00 00 00
00f8   00 00 00 00 00 00 00 00 00 00 00 00 00 00 00 00
0108   00 00 00 00 00 00 00 00 00 00 00 00 00 00 00 00
0118   00 00 00 00 00 00 00 00 00 00 00 00 00 00 00 00
0128   00 00 00 00 00 00 00 00 00 00 00 00 00 00 00 00
0138   00 00 00 00 00 00 63 82 53 63 35 01 05 36 04 c0
0148   a8 d8 ae 33 04 00 00 0e 0f 3a 04 00 00 07 07 3b
0158   04 00 00 0c 4d 01 04 ff ff ff 00 1c 04 c0 a8 d8
0168   ff 03 04 c0 a8 d8 ae 06 04 c0 a8 d8 ae 0c 06 61
0178   6d 61 79 61 73 2b 0f 41 4e 44 52 4f 49 44 5f 4d
0188   45 54 45 52 45 44 ff 00



0000   08 00 20 0a ac 96 08 00 20 0a 70 66 08 00 4f 00 
0010   00 7c cb c9 00 00 ff 11 b9 7f 84 e3 3d 05 c0 21 
0020   9f 11 07 27 04 00 00 00 00 00 00 00 00 00 00 00 
0030   00 00 00 00 00 00 00 00 00 00 00 00 00 00 00 00 
0040   00 00 00 00 00 00 00 00 00 00 00 43 00 44 01 46 db 39 02 01 06 00 0c de
0058   07 ad 00 00 00 00 00 00 00 00 c0 a8 d8 a2 c0 a8
0068   d8 ae 00 00 00 00 64 6c 80 35 0e 0f 00 00 00 00
0078   00 00 00 00 00 00 00 00 00 00 00 00 00 00 00 00
0088   00 00 00 00 00 00 00 00 00 00 00 00 00 00 00 00
0098   00 00 00 00 00 00 00 00 00 00 00 00 00 00 00 00
00a8   00 00 00 00 00 00 00 00 00 00 00 00 00 00 00 00
00b8   00 00 00 00 00 00 00 00 00 00 00 00 00 00 00 00
00c8   00 00 00 00 00 00 00 00 00 00 00 00 00 00 00 00
00d8   00 00 00 00 00 00 00 00 00 00 00 00 00 00 00 00
00e8   00 00 00 00 00 00 00 00 00 00 00 00 00 00 00 00
00f8   00 00 00 00 00 00 00 00 00 00 00 00 00 00 00 00
0108   00 00 00 00 00 00 00 00 00 00 00 00 00 00 00 00
0118   00 00 00 00 00 00 00 00 00 00 00 00 00 00 00 00
0128   00 00 00 00 00 00 00 00 00 00 00 00 00 00 00 00
0138   00 00 00 00 00 00 63 82 53 63 35 01 05 36 04 c0
0148   a8 d8 ae 33 04 00 00 0e 0f 3a 04 00 00 07 07 3b
0158   04 00 00 0c 4d 01 04 ff ff ff 00 1c 04 c0 a8 d8
0168   ff 03 04 c0 a8 d8 ae 06 04 c0 a8 d8 ae 0c 06 61
0178   6d 61 79 61 73 2b 0f 41 4e 44 52 4f 49 44 5f 4d
0188   45 54 45 52 45 44 ff 00


0000   64 6c 80 35 0e 0f 32 d9 56 45 1e 70 08 00 45 00
0010   00 7c 1a ea 40 00 40 11 5a b0 c0 a8 21 e4 c0 a8
0020   21 a2 00 35 da f4 00 68 b0 79 60 b7 81 80 00 01
0030   00 04 00 00 00 00 04 61 70 69 32 06 62 72 61 6e
0040   63 68 02 69 6f 00 00 01 00 01 c0 0c 00 01 00 01
0050   00 00 00 06 00 04 34 de ae 52 c0 0c 00 01 00 01
0060   00 00 00 06 00 04 34 de ae 19 c0 0c 00 01 00 01
0070   00 00 00 06 00 04 34 de ae 1c c0 0c 00 01 00 01
0080   00 00 00 06 00 04 34 de ae 7c


