0000   00 00 00 01 00 06 00 09 0f 09 00 02 86 DD 08 00
0010   45 10 01 67 00 00 00 00 10 11 49 1b 0a 40 3f fe
0020   0a 40 0b de 00 43 00 44 01 53 61 ee 02 01 06 00
0030   54 a0 19 99 00 01 00 00 00 00 00 00 0a 40 0b de
0040   00 00 00 00 00 00 00 00 0c dd 24 82 65 77 00 00
0050   00 00 00 00 00 00 00 00 00 00 00 00 00 00 00 00
0060   00 00 00 00 00 00 00 00 00 00 00 00 00 00 00 00
0070   00 00 00 00 00 00 00 00 00 00 00 00 00 00 00 00
0080   00 00 00 00 00 00 00 00 00 00 00 00 00 00 00 00
0090   00 00 00 00 00 00 00 00 00 00 00 00 00 00 00 00
00a0   00 00 00 00 00 00 00 00 00 00 00 00 00 00 00 00
00b0   00 00 00 00 00 00 00 00 00 00 00 00 00 00 00 00
00c0   00 00 00 00 00 00 00 00 00 00 00 00 00 00 00 00
00d0   00 00 00 00 00 00 00 00 00 00 00 00 00 00 00 00
00e0   00 00 00 00 00 00 00 00 00 00 00 00 00 00 00 00
00f0   00 00 00 00 00 00 00 00 00 00 00 00 00 00 00 00
0100   00 00 00 00 00 00 00 00 00 00 00 00 00 00 00 00
0110   00 00 00 00 00 00 00 00 63 82 53 63 35 01 05 36
0120   04 0a 40 3f fe 33 04 00 00 a8 c0 01 04 ff ff c0
0130   00 02 04 00 00 0e 10 06 08 86 9d 00 81 86 9d c0
0140   01 03 04 0a 40 3f fe 3a 04 00 00 54 60 3b 04 00
0150   00 93 a8 e0 21 46 47 54 33 4b 44 33 5a 31 36 38
0160   30 30 30 37 34 46 47 54 33 4b 44 33 5a 31 36 38
0170   30 30 30 37 38 00 ff
