
0000 f0 18 98 59 ae 32 50 64 2b 77 1e 81 08 00 45 00
0010 00 5b 00 00 40 00 40 11 7a ef c0 a8 1f 01 c0 a8
0020 1f 51 00 35 cc e2 00 47 d5 cc 37 e5 81 80 00 01
0030 00 02 00 00 00 00 03 77 77 77 04 75 70 6d 63 02
0040 56 72 00 00 01 00 01 c0 0c 00 05 00 01 00 00 00
0050 1e 00 06 03 77 65 62 c0 10 c0 29 00 01 00 01 00
0060 00 00 1e 00 04 86 9d fa 3b 37 56 2c ac a2 2e 4d
0070 13

0000   64 6c 80 35 0e 0f 5a 06 6e c6 7f c9 08 DD 45 00
0010   00 4c ad f1 40 00 40 11 5a 0d c0 a8 d8 ae c0 a8
0020   d8 a2 00 35 c2 c1 00 38 63 72 37 34 81 80 00 01
0030   00 01 00 00 00 00 03 77 77 77 06 67 6f 6f 67 6c
0040   65 03 63 6f 6d 00 00 01 00 01 c0 0c 00 01 00 01
0050   00 00 01 03 00 04 d8 3a c6 c4

0000   32 d9 56 45 1e 70 28 16 ad 4d 0a 49 08 00 45 00   2.VE.p(..M.I..E.
0010   00 28 83 b7 40 00 40 06 a9 5b c0 a8 27 8b a2 9f   .(..@.@..[..'...
0020   82 ea 8e 3e 01 bb b9 4b 66 62 01 65 73 4a 50 10   ...>...Kfb.esJP.
0030   14 0f 69 b1 00 00                                 ..i...

0000   32 d9 56 45 1e 70 28 16 ad 4d 0a 49 08 00 45 00   2.VE.p(..M.I..E.
0010   00 28 83 b7 40 00 40 06 a9 5b c0 a8 27 8b a2 9f   .(..@.@..[..'...
0020   82 ea 8e 3e 01 bb b9 4b 66 62 01 65 73 4a 50 10   ...>...Kfb.esJP.
0030   14 0f 69 b1 00 00                                 ..i...

0000   32 d9 56 45 1e 70 28 16 ad 4d 0a 49 08 00 45 00   2.VE.p(..M.I..E.
0010   00 28 83 b7 40 00 40 06 a9 5b c0 a8 27 8b a2 9f   .(..@.@..[..'...
0020   82 ea 8e 3e 01 bb b9 4b 66 62 01 65 73 4a 50 10   ...>...Kfb.esJP.
0030   14 0f 69 b1 00 00                                 ..i...

0000   32 d9 56 45 1e 70 28 16 ad 4d 0a 49 08 00 45 00   2.VE.p(..M.I..E.
0010   00 28 83 b7 40 00 40 06 a9 5b c0 a8 27 8b a2 9f   .(..@.@..[..'...
0020   82 ea 8e 3e 01 bb b9 4b 66 62 01 65 73 4a 50 10   ...>...Kfb.esJP.
0030   14 0f 69 b1 00 00                                 ..i...

0000   32 d9 56 45 1e 70 28 16 ad 4d 0a 49 08 00 45 00   2.VE.p(..M.I..E.
0010   00 28 83 b7 40 00 40 06 a9 5b c0 a8 27 8b a2 9f   .(..@.@..[..'...
0020   82 ea 8e 3e 01 bb b9 4b 66 62 01 65 73 4a 50 10   ...>...Kfb.esJP.
0030   14 0f 69 b1 00 00                                 ..i...

0000   32 d9 56 45 1e 70 28 16 ad 4d 0a 49 08 00 45 00   2.VE.p(..M.I..E.
0010   00 28 83 b7 40 00 40 06 a9 5b c0 a8 27 8b a2 9f   .(..@.@..[..'...
0020   82 ea 8e 3e 01 bb b9 4b 66 62 01 65 73 4a 50 10   ...>...Kfb.esJP.
0030   14 0f 69 b1 00 00                                 ..i...

0000   32 d9 56 45 1e 70 28 16 ad 4d 0a 49 08 00 45 00   2.VE.p(..M.I..E.
0010   00 28 83 b7 40 00 40 06 a9 5b c0 a8 27 8b a2 9f   .(..@.@..[..'...
0020   82 ea 8e 3e 01 bb b9 4b 66 62 01 65 73 4a 50 10   ...>...Kfb.esJP.
0030   14 0f 69 b1 00 00                                 ..i...



0000   ff ff ff ff ff ff a4 d1 8c f0 1a 06 08 00 45 00
0010   01 48 0b ab 00 00 ff 11 ae fa 00 00 00 00 ff ff
0020   ff ff 00 44 00 43 01 34 6f 76 01 01 06 00 24 2e
0030   eb b8 00 00 00 00 00 00 00 00 00 00 00 00 00 00
0040   00 00 00 00 00 00 a4 d1 8c f0 1a 06 00 00 00 00
0050   00 00 00 00 00 00 00 00 00 00 00 00 00 00 00 00
0060   00 00 00 00 00 00 00 00 00 00 00 00 00 00 00 00
0070   00 00 00 00 00 00 00 00 00 00 00 00 00 00 00 00
0080   00 00 00 00 00 00 00 00 00 00 00 00 00 00 00 00
0090   00 00 00 00 00 00 00 00 00 00 00 00 00 00 00 00
00a0   00 00 00 00 00 00 00 00 00 00 00 00 00 00 00 00
00b0   00 00 00 00 00 00 00 00 00 00 00 00 00 00 00 00
00c0   00 00 00 00 00 00 00 00 00 00 00 00 00 00 00 00
00d0   00 00 00 00 00 00 00 00 00 00 00 00 00 00 00 00
00e0   00 00 00 00 00 00 00 00 00 00 00 00 00 00 00 00
00f0   00 00 00 00 00 00 00 00 00 00 00 00 00 00 00 00
0100   00 00 00 00 00 00 00 00 00 00 00 00 00 00 00 00
0110   00 00 00 00 00 00 63 82 53 63 35 01 01 37 0c 01
0120   79 03 06 0f 6c 72 77 fc 5f 2c 2e 39 02 05 dc 3d
0130   07 01 a4 d1 8c f0 1a 06 33 04 00 76 a7 00 0c 0c
0140   41 69 72 2d 42 65 6e 6c 61 6c 64 6a ff 00 00 00
0150   00 00 00 00 00 00


0000   64 6c 80 35 0e 0f 5a 06 6e c6 7f c9 08 00 45 00
0010   01 5a 16 60 40 00 40 11 f0 90 c0 a8 d8 ae c0 a8
0020   d8 a2 00 43 00 44 01 46 db 39 02 01 06 00 0c de
0030   07 ad 00 00 00 00 00 00 00 00 c0 a8 d8 a2 c0 a8
0040   d8 ae 00 00 00 00 64 6c 80 35 0e 0f 00 00 00 00
0050   00 00 00 00 00 00 00 00 00 00 00 00 00 00 00 00
0060   00 00 00 00 00 00 00 00 00 00 00 00 00 00 00 00
0070   00 00 00 00 00 00 00 00 00 00 00 00 00 00 00 00
0080   00 00 00 00 00 00 00 00 00 00 00 00 00 00 00 00
0090   00 00 00 00 00 00 00 00 00 00 00 00 00 00 00 00
00a0   00 00 00 00 00 00 00 00 00 00 00 00 00 00 00 00
00b0   00 00 00 00 00 00 00 00 00 00 00 00 00 00 00 00
00c0   00 00 00 00 00 00 00 00 00 00 00 00 00 00 00 00
00d0   00 00 00 00 00 00 00 00 00 00 00 00 00 00 00 00
00e0   00 00 00 00 00 00 00 00 00 00 00 00 00 00 00 00
00f0   00 00 00 00 00 00 00 00 00 00 00 00 00 00 00 00
0100   00 00 00 00 00 00 00 00 00 00 00 00 00 00 00 00
0110   00 00 00 00 00 00 63 82 53 63 35 01 05 36 04 c0
0120   a8 d8 ae 33 04 00 00 0e 0f 3a 04 00 00 07 07 3b
0130   04 00 00 0c 4d 01 04 ff ff ff 00 1c 04 c0 a8 d8
0140   ff 03 04 c0 a8 d8 ae 06 04 c0 a8 d8 ae 0c 06 61
0150   6d 61 79 61 73 2b 0f 41 4e 44 52 4f 49 44 5f 4d
0160   45 54 45 52 45 44 ff 00

0000   ff ff ff ff ff ff 64 6c 80 35 0e 0f 08 00 45 c0
0010   01 3e 00 00 40 00 40 11 38 f0 00 00 00 00 ff ff
0020   ff ff 00 44 00 43 01 2a 08 ab 01 01 06 00 19 6c
0030   ae a5 00 01 00 00 00 00 00 00 00 00 00 00 00 00
0040   00 00 00 00 00 00 64 6c 80 35 0e 0f 00 00 00 00
0050   00 00 00 00 00 00 00 00 00 00 00 00 00 00 00 00
0060   00 00 00 00 00 00 00 00 00 00 00 00 00 00 00 00
0070   00 00 00 00 00 00 00 00 00 00 00 00 00 00 00 00
0080   00 00 00 00 00 00 00 00 00 00 00 00 00 00 00 00
0090   00 00 00 00 00 00 00 00 00 00 00 00 00 00 00 00
00a0   00 00 00 00 00 00 00 00 00 00 00 00 00 00 00 00
00b0   00 00 00 00 00 00 00 00 00 00 00 00 00 00 00 00
00c0   00 00 00 00 00 00 00 00 00 00 00 00 00 00 00 00
00d0   00 00 00 00 00 00 00 00 00 00 00 00 00 00 00 00
00e0   00 00 00 00 00 00 00 00 00 00 00 00 00 00 00 00
00f0   00 00 00 00 00 00 00 00 00 00 00 00 00 00 00 00
0100   00 00 00 00 00 00 00 00 00 00 00 00 00 00 00 00
0110   00 00 00 00 00 00 63 82 53 63 35 01 03 3d 07 01
0120   64 6c 80 35 0e 0f 37 11 01 02 06 0c 0f 1a 1c 79
0130   03 21 28 29 2a 77 f9 fc 11 39 02 02 40 32 04 c0
0140   a8 00 2f 0c 06 61 6d 61 79 61 73 ff






0000   08 00 20 0a ac 96 08 00 20 0a 70 66 08 00 4f 00 
0010   00 7c cb c9 00 00 ff 11 b9 7f 84 e3 3d 05 c0 21 
0020   9f 11 07 27 28 84 e3 3c 20 c0 2c 41 12 c0 46 47 
0030   05 c0 21 9f 02 c0 21 9f 06 c0 46 47 06 c0 2c 41 
0040   1a 84 e3 3c 1e 84 e3 3d 87 00 43 00 44 01 46 db 39 02 01 06 00 0c de
0058   07 ad 00 00 00 00 00 00 00 00 c0 a8 d8 a2 c0 a8
0068   d8 ae 00 00 00 00 64 6c 80 35 0e 0f 00 00 00 00
0078   00 00 00 00 00 00 00 00 00 00 00 00 00 00 00 00
0088   00 00 00 00 00 00 00 00 00 00 00 00 00 00 00 00
0098   00 00 00 00 00 00 00 00 00 00 00 00 00 00 00 00
00a8   00 00 00 00 00 00 00 00 00 00 00 00 00 00 00 00
00b8   00 00 00 00 00 00 00 00 00 00 00 00 00 00 00 00
00c8   00 00 00 00 00 00 00 00 00 00 00 00 00 00 00 00
00d8   00 00 00 00 00 00 00 00 00 00 00 00 00 00 00 00
00e8   00 00 00 00 00 00 00 00 00 00 00 00 00 00 00 00
00f8   00 00 00 00 00 00 00 00 00 00 00 00 00 00 00 00
0108   00 00 00 00 00 00 00 00 00 00 00 00 00 00 00 00
0118   00 00 00 00 00 00 00 00 00 00 00 00 00 00 00 00
0128   00 00 00 00 00 00 00 00 00 00 00 00 00 00 00 00
0138   00 00 00 00 00 00 63 82 53 63 35 01 05 36 04 c0
0148   a8 d8 ae 33 04 00 00 0e 0f 3a 04 00 00 07 07 3b
0158   04 00 00 0c 4d 01 04 ff ff ff 00 1c 04 c0 a8 d8
0168   ff 03 04 c0 a8 d8 ae 06 04 c0 a8 d8 ae 0c 06 61
0178   6d 61 79 61 73 2b 0f 41 4e 44 52 4f 49 44 5f 4d
0188   45 54 45 52 45 44 ff 00


0000 00 08 00 20 0a 04 ac 96 08 00 20 0a 70  0B 66 08 00 4f 00 00 7c cb c9 00 00 ff 01 b9 7f 84 e3 3d 05 c0 21 9f 06 07 27 04 00 00 00 00 00 00 00 00 00 00 00 00 00 00 00 00 00 00 00 00 00 00 00 00 00 00 00 00 00 00 00 00 00 00 00 00 00 08 00 a2 56 2f 00 00 00 29 36 8c 41 00 03 86 2b 08 09 0a 0b 0c 0d 0e 0f 10 11 12 13 14 15 16 17 18 19 1a 1b 1c 1d 1e 1f 20 21 22 23 24 25 26 27 28 29 2a 2b 2c 2d 2e 2f 30 31 32 33 34 35 36 37 00 08 AA 2B 0a 07 ac 96 08 BB FF 0a 70 0B 66 08 00 4f 00 00 7c cb c9 00 00 ff 01 b9 7f 84 e3 3d 05 c0 21  20 9f 06 07 27 04 00 00 00 00 00 00 00 00 00 00 00 00 00 00 00 00 35 00 00 00 00 00 00 00 00 00 00 00 00 00 00 00 00 00 00 00 00 00 08 00 a2 56 2f 00 00 00 29 36 8c 41 00 03 86 2b 08 09 0a 0b 0c 0d 0e 0f 10 11 12 13 14 15 16 17 18 19 1a 1b 1c 1d 1e 1f 20 21 22 23 24 25 26 27 28 29 2a 2b 2c 2d 2e 2f 30 31 32 33 34 35 36 37

0000   08 00 20 0a ac 96 08 00 20 0a 70 66 08 00 4f 00 
0010   00 7c cb c9 00 00 ff 11 b9 7f 84 e3 3d 05 c0 21 
0020   9f 11 08 27 04 00 00 00 00 00 00 00 00 00 00 00 
0030   00 00 00 00 00 00 00 00 00 00 00 00 00 00 00 00 
0040   00 00 00 00 00 00 00 00 00 00 00 43 00 44 01 46 db 39 02 01 06 00 0c de
0058   08 ad 00 00 00 00 00 00 00 00 c0 a8 d8 a2 c0 a8
0068   d8 ae 00 00 00 00 64 6c 80 35 0e 0f 00 00 00 00
0078   00 00 00 00 00 00 00 00 00 00 00 00 00 00 00 00
0088   00 00 00 00 00 00 00 00 00 00 00 00 00 00 00 00
0098   00 00 00 00 00 00 00 00 00 00 00 00 00 00 00 00
00a8   00 00 00 00 00 00 00 00 00 00 00 00 00 00 00 00
00b8   00 00 00 00 00 00 00 00 00 00 00 00 00 00 00 00
00c8   00 00 00 00 00 00 00 00 00 00 00 00 00 00 00 00
00d8   00 00 00 00 00 00 00 00 00 00 00 00 00 00 00 00
00e8   00 00 00 00 00 00 00 00 00 00 00 00 00 00 00 00
00f8   00 00 00 00 00 00 00 00 00 00 00 00 00 00 00 00
0108   00 00 00 00 00 00 00 00 00 00 00 00 00 00 00 00
0118   00 00 00 00 00 00 00 00 00 00 00 00 00 00 00 00
0128   00 00 00 00 00 00 00 00 00 00 00 00 00 00 00 00
0138   00 00 00 00 00 00 63 82 53 63 35 01 05 36 04 c0
0148   a8 d8 ae 33 04 00 00 0e 0f 3a 04 00 00 07 07 3b
0158   04 00 00 0c 4d 01 04 ff ff ff 00 1c 04 c0 a8 d8
0168   ff 03 04 c0 a8 d8 ae 06 04 c0 a8 d8 ae 0c 06 61
0178   6d 61 79 61 73 2b 0f 41 4e 44 52 4f 49 44 5f 4d
0188   45 54 45 52 45 44 ff 00


0000   00 04 00 01 00 06 0c dd 24 82 65 77 00 00 08 00
0010   45 c0 01 3c 00 00 40 00 40 11 38 f2 00 00 00 00
0020   ff ff ff ff 00 44 00 43 01 28 c7 79 01 01 06 00
0030   54 a0 19 99 00 01 00 00 00 00 00 00 00 00 00 00
0040   00 00 00 00 00 00 00 00 0c dd 24 82 65 77 00 00
0050   00 00 00 00 00 00 00 00 00 00 00 00 00 00 00 00
0060   00 00 00 00 00 00 00 00 00 00 00 00 00 00 00 00
0070   00 00 00 00 00 00 00 00 00 00 00 00 00 00 00 00
0080   00 00 00 00 00 00 00 00 00 00 00 00 00 00 00 00
0090   00 00 00 00 00 00 00 00 00 00 00 00 00 00 00 00
00a0   00 00 00 00 00 00 00 00 00 00 00 00 00 00 00 00
00b0   00 00 00 00 00 00 00 00 00 00 00 00 00 00 00 00
00c0   00 00 00 00 00 00 00 00 00 00 00 00 00 00 00 00
00d0   00 00 00 00 00 00 00 00 00 00 00 00 00 00 00 00
00e0   00 00 00 00 00 00 00 00 00 00 00 00 00 00 00 00
00f0   00 00 00 00 00 00 00 00 00 00 00 00 00 00 00 00
0100   00 00 00 00 00 00 00 00 00 00 00 00 00 00 00 00
0110   00 00 00 00 00 00 00 00 63 82 53 63 35 01 03 3d
0120   07 01 0c dd 24 82 65 77 37 11 01 02 06 0c 0f 1a
0130   1c 79 03 21 28 29 2a 77 f9 fc 11 39 02 02 40 32
0140   04 0a 40 0b de 0c 04 58 33 39 35 ff


0000   64 6c 80 35 0e 0f 32 d9 56 45 1e 70 08 00 45 00
0010   00 7c 1a ea 40 00 40 11 5a b0 c0 a8 21 e4 c0 a8
0020   21 a2 00 35 da f4 00 68 b0 79 60 b7 81 80 00 01
0030   00 04 00 00 00 00 04 61 70 69 32 06 62 72 61 6e
0040   63 68 02 69 6f 00 00 01 00 01 c0 0c 00 01 00 01
0050   00 00 00 06 00 04 34 de ae 52 c0 0c 00 01 00 01
0060   00 00 00 06 00 04 34 de ae 19 c0 0c 00 01 00 01
0070   00 00 00 06 00 04 34 de ae 1c c0 0c 00 01 00 01
0080   00 00 00 06 00 04 34 de ae 7c

0000   00 00 00 01 00 06 00 09 0f 09 00 02 00 00 08 00
0010   45 10 01 67 00 00 00 00 10 11 49 1b 0a 40 3f fe
0020   0a 40 0b de 00 43 00 44 01 53 61 ee 02 01 06 00
0030   54 a0 19 99 00 01 00 00 00 00 00 00 0a 40 0b de
0040   00 00 00 00 00 00 00 00 0c dd 24 82 65 77 00 00
0050   00 00 00 00 00 00 00 00 00 00 00 00 00 00 00 00
0060   00 00 00 00 00 00 00 00 00 00 00 00 00 00 00 00
0070   00 00 00 00 00 00 00 00 00 00 00 00 00 00 00 00
0080   00 00 00 00 00 00 00 00 00 00 00 00 00 00 00 00
0090   00 00 00 00 00 00 00 00 00 00 00 00 00 00 00 00
00a0   00 00 00 00 00 00 00 00 00 00 00 00 00 00 00 00
00b0   00 00 00 00 00 00 00 00 00 00 00 00 00 00 00 00
00c0   00 00 00 00 00 00 00 00 00 00 00 00 00 00 00 00
00d0   00 00 00 00 00 00 00 00 00 00 00 00 00 00 00 00
00e0   00 00 00 00 00 00 00 00 00 00 00 00 00 00 00 00
00f0   00 00 00 00 00 00 00 00 00 00 00 00 00 00 00 00
0100   00 00 00 00 00 00 00 00 00 00 00 00 00 00 00 00
0110   00 00 00 00 00 00 00 00 63 82 53 63 35 01 05 36
0120   04 0a 40 3f fe 33 04 00 00 a8 c0 01 04 ff ff c0
0130   00 02 04 00 00 0e 10 06 08 86 9d 00 81 86 9d c0
0140   01 03 04 0a 40 3f fe 3a 04 00 00 54 60 3b 04 00
0150   00 93 a8 e0 21 46 47 54 33 4b 44 33 5a 31 36 38
0160   30 30 30 37 34 46 47 54 33 4b 44 33 5a 31 36 38
0170   30 30 30 37 38 00 ff

0000   00 20 ed 87 fd e6 00 07 e9 0c 90 62 08 00 45 00
0010   00 cf 2a 2d 00 00 3f 11 bf ae 84 e3 4a 02 84 e3
0020   3d 7a 00 35 85 05 00 bb a1 3b a0 71 85 80 00 01
0030   00 02 00 03 00 03 03 77 77 77 04 6c 69 70 36 02
0040   66 72 00 00 01 00 01 c0 0c 00 05 00 01 00 00 54
0050   60 00 08 05 68 6f 72 75 73 c0 10 c0 29 00 01 00
0060   01 00 00 54 60 00 04 84 e3 3c 0d c0 10 00 02 00
0070   01 00 00 54 60 00 07 04 69 73 69 73 c0 10 c0 10
0080   00 02 00 01 00 00 54 60 00 09 06 6f 73 69 72 69
0090   73 c0 10 c0 10 00 02 00 01 00 00 54 60 00 0e 06
00a0   73 6f 6c 65 69 6c 04 75 76 73 71 c0 15 c0 4d 00
00b0   01 00 01 00 00 54 60 00 04 84 e3 3c 02 c0 60 00
00c0   01 00 01 00 00 54 60 00 04 84 e3 3c 1e c0 75 00
00d0   01 00 01 00 01 16 cb 00 04 c1 33 18 01

0000   0c dd 24 82 65 77 00 09 0f 09 00 02 08 00 45 00
0010   00 79 9d 8f 00 00 3e 11 41 a9 86 9d 00 81 0a 40
0020   0b de 00 35 b9 e2 00 65 85 9a 30 85 81 80 00 01
0030   00 02 00 00 00 01 03 61 70 69 07 73 70 6f 74 69
0040   66 79 03 63 6f 6d 00 00 01 00 01 c0 0c 00 05 00
0050   01 00 00 00 41 00 15 08 65 64 67 65 2d 77 65 62
0060   09 64 75 61 6c 2d 67 73 6c 62 c0 10 c0 2d 00 01
0070   00 01 00 00 00 6f 00 04 23 ba e0 19 00 00 29 10
0080   00 00 00 00 00 00 00
