
0000   28 16 ad 4d 0a 49 64 6c 80 35 0e 0f 08 00 45 00
0010   00 54 17 dc 00 00 40 01 30 4e c0 a8 d8 a2 c0 a8
0020   d8 8b 00 00 9e da 00 02 00 09 9a 83 b1 61 00 00
0030   00 00 53 62 03 00 00 00 00 00 10 11 12 13 14 15
0040   16 17 18 19 1a 1b 1c 1d 1e 1f 20 21 22 23 24 25
0050   26 27 28 29 2a 2b 2c 2d 2e 2f 30 31 32 33 34 35
0060   36 37



0000   64 6c 80 35 0e 0f 28 16 ad 4d 0a 49 08 00 45 00
0010   00 54 ce f0 40 00 40 01 39 39 c0 a8 d8 8b c0 a8
0020   d8 a2 08 00 96 da 00 02 00 09 9a 83 b1 61 00 00
0030   00 00 53 62 03 00 00 00 00 00 10 11 12 13 14 15
0040   16 17 18 19 1a 1b 1c 1d 1e 1f 20 21 22 23 24 25
0050   26 27 28 29 2a 2b 2c 2d 2e 2f 30 31 32 33 34 35
0060   36 37

