0000   ff ff ff ff ff ff a4 d1 8c f0 1a 06 08 00 45 00
0010   01 48 0b ab 00 00 ff 11 ae fa 00 00 00 00 ff ff
0020   ff ff 00 44 00 43 01 34 6f 76 01 01 06 00 24 2e
0030   eb b8 00 00 00 00 00 00 00 00 00 00 00 00 00 00
0040   00 00 00 00 00 00 a4 d1 8c f0 1a 06 00 00 00 00
0050   00 00 00 00 00 00 00 00 00 00 00 00 00 00 00 00
0060   00 00 00 00 00 00 00 00 00 00 00 00 00 00 00 00
0070   00 00 00 00 00 00 00 00 00 00 00 00 00 00 00 00
0080   00 00 00 00 00 00 00 00 00 00 00 00 00 00 00 00
0090   00 00 00 00 00 00 00 00 00 00 00 00 00 00 00 00
00a0   00 00 00 00 00 00 00 00 00 00 00 00 00 00 00 00
00b0   00 00 00 00 00 00 00 00 00 00 00 00 00 00 00 00
00c0   00 00 00 00 00 00 00 00 00 00 00 00 00 00 00 00
00d0   00 00 00 00 00 00 00 00 00 00 00 00 00 00 00 00
00e0   00 00 00 00 00 00 00 00 00 00 00 00 00 00 00 00
00f0   00 00 00 00 00 00 00 00 00 00 00 00 00 00 00 00
0100   00 00 00 00 00 00 00 00 00 00 00 00 00 00 00 00
0110   00 00 00 00 00 00 63 82 53 63 35 01 01 37 0c 01
0120   79 03 06 0f 6c 72 77 fc 5f 2c 2e 39 02 05 dc 3d
0130   07 01 a4 d1 8c f0 1a 06 33 04 00 76 a7 00 0c 0c
0140   41 69 72 2d 42 65 6e 6c 61 6c 64 6a ff 00 00 00
0150   00 00 00 00 00 00
